0,432
422,417
844,402
1266,392
1688,401
2110,402
2532,395
2954,395
3376,391
3798,387
4220,391
4642,392
5064,401
5486,397
5908,394
6330,384
6752,393
7174,390
7596,394
8018,398
8440,404
8862,409
9284,401
9706,393
10128,394
10550,328
10972,356
11394,375
11816,373
12238,374
12660,388
13082,392
13504,396
13926,398
14348,404
14770,334
15192,366
15614,383
16036,383
16458,383
16880,387
17302,392
17724,385
18146,391
18568,393
18990,398
19412,403
19834,396
20256,397
20678,400
21100,402
21522,408
21944,338
22366,365
22788,373
23210,375
23632,381
24054,390
24476,382
24898,377
25320,376
25742,387
26164,384
26586,394
27008,398
27430,399
27852,389
28274,389
28696,385
29118,389
29540,388
29962,393
30384,388
30806,396
31228,400
31650,329
32072,349
32494,365
32916,371
33338,374
33760,389
34182,382
34604,394
35026,400
35448,389
35870,387
36292,386
36714,392
37136,402
37558,404
37980,406
38402,410
38824,410
39246,410
39668,410
40090,393
40512,392
40934,402
41356,404
41778,334
42200,366
42622,367
43044,379
43466,379
43888,379
44310,386
44732,393
45154,389
45576,393
45998,385
46420,383
46842,383
47264,382
47686,390
48108,394
48530,396
48952,387
49374,382
49796,377
50218,380
50640,392
51062,395
51484,394
51906,402
52328,400
52750,398
53172,402
53594,388
54016,394
54438,397
54860,398
55282,401
55704,398
56126,402
56548,408
56970,337
57392,355
57814,370
58236,392
58658,401
59080,399
59502,394
59924,398
60346,387
60768,388
61190,398
61612,386
62034,395
62456,390
62878,396
63300,398
63722,406
64144,410
64566,392
64988,396
65410,400
65832,399
66254,398
66676,384
67098,322
67520,358
67942,383
68364,380
68786,389
69208,392
69630,398
70052,406
70474,391
70896,381
71318,385
71740,384
72162,390
72584,396
73006,398
73428,400
73850,400
74272,400
74694,405
75116,402
75538,402
75960,404
76382,408
76804,395
77226,389
77648,389
78070,391
78492,398
78914,405
79336,399
79758,397
80180,400
80602,400
81024,333
81446,352
81868,372
82290,385
82712,383
83134,383
83556,387
83978,383
84400,382
84822,394
85244,399
85666,393
86088,393
86510,393
86932,386
87354,395
87776,390
88198,380
88620,319
89042,352
89464,360
89886,380
90308,392
90730,326
91152,361
91574,372
91996,382
92418,387
92840,393
93262,384
93684,378
94106,373
94528,380
94950,390
95372,382
95794,391
96216,391
96638,382
97060,379
97482,381
97904,382
98326,401
98748,395
99170,395
99592,390
100014,396
100436,329
100858,358
101280,307
101702,335
102124,359
102546,366
102968,383
103390,391
103812,385
104234,390
104656,400
105078,405
105500,398
105922,388
106344,395
106766,390
107188,383
107610,379
108032,377
108454,378
108876,387
109298,388
109720,394
110142,384
110564,390
110986,396
111408,386
111830,395
112252,389
112674,392
113096,396
113518,399
113940,391
114362,387
114784,384
115206,323
115628,343
116050,360
116472,308
116894,348
117316,370
117738,388
118160,387
118582,383
119004,386
119426,394
119848,401
120270,398
120692,402
121114,403
121536,402
121958,404
122380,407
122802,399
123224,391
123646,387
124068,384
124490,393
124912,394
125334,400
125756,400
126178,401
126600,402
127022,388
127444,396
127866,400
128288,386
128710,323
129132,344
129554,356
129976,373
130398,379
130820,384
131242,388
131664,398
132086,397
132508,389
132930,382
133352,375
133774,379
134196,380
134618,391
135040,390
135462,400
135884,402
136306,406
136728,335
137150,359
137572,369
137994,383
138416,382
138838,397
139260,396
139682,331
140104,358
140526,380
140948,389
141370,387
141792,385
142214,382
142636,393
143058,389
143480,386
143902,379
144324,380
144746,390
145168,396
145590,328
146012,357
146434,366
146856,386
147278,395
147700,387
148122,391
148544,391
148966,389
149388,384
149810,396
150232,404
150654,406
151076,333
151498,359
151920,367
152342,372
152764,314
153186,349
153608,361
154030,368
154452,381
154874,389
155296,387
155718,383
156140,390
156562,398
156984,406
157406,406
157828,406
158250,397
158672,400
159094,388
159516,399
159938,396
160360,330
160782,291
161204,328
161626,356
162048,363
162470,377
162892,384
163314,397
163736,389
164158,393
164580,393
165002,385
165424,392
165846,397
166268,389
166690,386
167112,397
167534,390
167956,396
168378,400
168800,407
169222,396
169644,399
170066,390
170488,401
170910,390
171332,393
171754,395
172176,394
172598,396
173020,328
173442,359
173864,369
174286,373
174708,376
175130,386
175552,395
175974,398
176396,399
176818,398
177240,405
177662,397
178084,398
178506,404
178928,402
179350,332
179772,364
180194,380
180616,392
181038,401
181460,393
181882,394
182304,395
182726,395
183148,395
183570,390
183992,396
184414,400
184836,331
185258,357
185680,373
186102,375
186524,382
186946,376
187368,390
187790,401
188212,392
188634,397
189056,387
189478,391
189900,394
190322,400
190744,403
191166,396
191588,398
192010,401
192432,393
192854,386
193276,394
193698,399
194120,398
194542,401
194964,399
195386,389
195808,393
196230,392
196652,402
197074,403
197496,400
197918,402
198340,408
198762,407
199184,399
199606,397
200028,396
200450,331
200872,349
201294,360
201716,308
202138,350
202560,373
202982,378
203404,389
203826,391
204248,388
204670,397
205092,388
205514,398
205936,403
206358,396
206780,396
207202,329
207624,356
208046,373
208468,376
208890,388
209312,401
209734,389
210156,386
210578,395
211000,390
211422,398
211844,402
212266,400
212688,387
213110,388
213532,393
213954,387
214376,391
214798,390
215220,397
215642,388