439623385,464
439626576,442
439631278,422
439636733,414
439639927,406
439643122,405
439648579,400
439651768,395
439656467,390
439659658,394
439664362,396
439668310,397
439670746,387
439673938,397
439680908,395
439683345,384
439686536,388
439689722,381
439692162,381
439696114,400
439699302,389
439702496,367
439712480,382
439714914,385
439717353,380
439719786,321
439724490,361
439726925,366
439742395,388
439752382,393
439754818,386
439757255,391
439764228,388
439767421,398
439770612,408
439773799,395
439776994,398
439783962,389
439786402,392
439788841,377
439793539,378
439798244,389
439802948,380
439806142,389
439809335,389
439814786,384
439817981,387
439821931,388
439825126,389
439829824,374
439835282,375
439838473,369
439841661,378
439845606,323
439849546,341
439853494,359
439858192,366
439861388,380
439864578,383
439869277,380
439873982,386
439877177,387
439880368,388
439885071,382
439889772,387
439893714,393
439896152,394
439900104,323
439905560,346
439909502,366
439912691,374
439916634,371
439919071,370
439924529,386
439926964,390
439929406,412
439937877,396
439940318,394
439944266,392
439949724,331
439952164,349
439955358,355
439960815,372
439964007,385
439967199,384
439971898,410
439976605,390
439980549,394
439983735,397
439986927,391
439992388,384
439994826,323
439998772,350
440001209,374
440003642,385
440017584,388
440028322,397
440030756,386
440033193,388
440036385,390
440039573,392
440042760,395
440049837,390
440053780,392
440059232,392
440061669,396
440066366,398
440071070,397
440074260,384
440077446,393
440082150,387
440085340,382
440090040,377
440093983,382
440098684,388
440101873,380
440105064,385
440109763,385
440112950,384
440117653,380
440120839,392
440123273,392
440127222,391
440129660,386
440133600,391
440139805,392
440144504,393
440149205,389
440152396,385
440157855,388
440161044,323
440164239,348
440168939,368
440172134,395
440175323,382
440181536,377
440185482,391
440188673,379
440191109,385
440194305,371
440200515,376
440203702,385
440207647,382
440212343,379
440215536,378
440219486,383
440223430,377
440225868,382
440229808,388
440232243,387
440236940,385
440242398,383
440246347,384
440250296,392
440253486,329
440255920,346
440261795,369
440270741,397
440281479,382
440283914,393
440286352,383
440291056,382
440294251,319
440297444,350
440302143,369
440304584,373
440310038,382
440313982,391
440318687,387
440323385,390
440326576,392
440329011,392
440332200,396
440334633,329
440337825,353
440348563,375
440351753,376
440354940,383
440358129,382
440361328,376
440367540,387
440370729,386
440375426,391
440377864,400
440381803,393
440387254,389
440390444,384
440395146,314
440398342,348
440403795,369
440406229,371
440409422,371
440414877,378
440418065,380
440422005,316
440425948,354
440429135,365
440433082,374
440435518,383
440437951,385
440441142,379
440451128,388
440453566,391
440456004,385
440460701,386
440466156,380
440469348,384
440474048,389
440476482,386
440479673,393
440482112,386
440487567,379
440493777,383
440496964,380
440500154,388
440505606,393
440508038,387
440511983,379
440518192,382
440520633,385
440523822,388
440528522,382
440532465,390
440535657,391
440538092,383
440540526,376
440550633,394
440557600,392
440565318,386
440567754,390
440570946,389
440575647,382
440578834,387
440581267,374
440583705,319
440587651,347
440596879,364
440599312,378
440603263,384
440606456,389
440609644,385
440614348,379
440619805,384
440622988,382
440626935,383
440630126,391
440633312,374
440635750,386
440641205,399
440646661,387
440649096,388
440651532,390
440653965,392
440661702,393
440668665,389
440671101,390
440673539,377
440678994,378
440682937,384
440686882,389
440691580,384
440694769,388
440698716,389
440703417,389
440706610,383
440712066,390
440714500,396
440717692,329
440723148,351
440727091,366
440730280,366
440734229,375
440737418,380
440742869,384
440746058,328
440748492,357
440750926,371
440754116,370
440758061,380
440767286,325
440769724,345
440772162,361
440778369,366
440782315,313
440785510,340
440790208,363
440794155,364
440797343,374
440801290,374
440805985,386
440809175,389
440812366,380
440816310,384
440820258,323
440824959,345
440830412,359
440833607,381
440836040,373
440838473,370
440840909,380
440847566,376
440858307,379
440861496,376
440863932,406
440867118,391
440869554,389
440875011,388
440881972,382
440884407,378
440888357,390
440893058,392
440896244,405
440900943,393
440904133,377
440908830,384
440912776,391
440915966,385
440918400,390
440923853,389
440928556,402
440930991,376
440934937,382
440940392,390
440942830,391
440946019,388
440948451,325
440953155,351
440960876,368
440964063,379
440966500,383
440969688,374
440975145,390
440979088,381
440983033,373
440986975,370
440990922,373
440994870,385
440998814,387
441001253,380
441006707,390
441011404,395
441014595,386
441017789,392
441021736,385
441024926,381
441031894,380
441034331,321
441038278,350
441042975,368
441045413,376
441047850,372
441051043,319
441053476,345
441066905,365
441069343,370
441071779,381
441075730,371
441080430,380
441085129,323
441088318,343
441093018,362
441096207,377
441099399,383
441104102,382
441108799,389
441111988,385
441117448,380
441119883,376
441122320,383
441127020,386
441130215,325
441137178,350
441139615,366
441142050,383
441146753,385
441152207,379
441155395,380
441159343,382
441164043,388
441167235,384
441170425,379
441175126,378
441179073,373
441183019,380
441186966,323
441191669,348
441194106,367
441197298,372
441204263,385
441206698,373
441211398,381
441214590,384
441218535,323
441222482,349
441226423,362
441230371,378
441235072,383
441238265,385
441241455,382
441246155,368
441250098,378
441252534,394
441254971,392
441261184,384
441266639,389
441269835,384
441273780,386
441278479,384
441282424,373
441285614,367
441288805,375
441292751,382
441295188,386
441297622,381
441300818,385
441310803,383
441313239,376
441317186,322
441322640,337
441325830,364
441328267,379
441331457,377
441335406,380
441341615,387
441344809,386
441347999,389
441351191,389
441353628,387
441361352,390
441364542,380
441369239,388
441371673,394
441376380,394
441381081,378
441384274,393
441388218,392
441392918,394
441396868,404
441400815,396
441404006,396
441407197,398
441411146,397
441416601,392
441419794,392
441422984,393
441427687,392
441430881,392
441434072,392
441441041,386
441444234,393
441448186,392
441451378,394
441454565,396
441457751,397
441463213,387
441468669,388
441471109,392
441475058,383
441479756,378
441482951,384
441487651,391
441490843,386
441494791,389
441499490,383
441502681,385
441508135,379
441511328,389
441515275,384
441518467,392
441523168,390
441527118,391
441530309,387
441532743,381
441536693,379
441543019,379
441546213,382
441549407,322
441554108,343
441557300,360
441560485,371
441566694,379
441569886,382
441573828,392
441577779,390
441582481,393
441585669,383
441590368,382
441593558,390
441597503,392
441601446,394
441605391,394
441610089,395
441613280,384
441617231,388
441621933,389
441625128,383
441629075,384
441633027,391
441637727,382
441640919,376
441644113,373
441648813,378
441653514,375
441656699,376
441659135,382
441662326,385
441667034,385
441674000,385
441677191,379
441680384,376
441685085,376
441689034,382
